(15151125. 2 . . .
6, 2 , ,
6, 14 . ,

1951155214

3‚16....
3,17,..,,,,
3,19,,,,..
4,4.,,,,.
4,,6. ...

4,11,
4,·13

4,14,,..,.
4,15,,,..,
4,16,..,,,
4,18,,.,.,
4,,22,

4,.24

5‚5......
5,6......
5,19.......

5,27.

6,1-9..

6,5.
6,11.
6,12,

5‚14.15.
Philipp. 1, 23, 24 , ,..5
1,27,.,,,.,
2,2.,,...,5
’2,7,,..,,
2,15.16

3,7.
3,,8
3,21
4,.1

4,3,.,.,..
4, 7. ........ 2336
1 05155115

ww.

115155 locorum. Ἰ

,51. 73,6 35,,

. 188, 20 11115552, 7.
..,51 8, 26 2,19.
,3121 51. 179, 26 5,14,

,51, 9,7Ι1“155.2,5.,
,51. 9 5 3 23.
,51, 58 4 4 6
18914 5,·1,0
5189142383 5,.1114.
,51135 3 6 4

...5119927 2,4,,
,5.,1668

1511119, 15, 6116

,51, 21, 7051555,1,18.,,.
,51. 149, 23, 213, 20 1, 20 . . , . .,
,5141142031ιὸ 2,12...,,,
,,83,6,51217,19. 2,19 ..
222, 28. 2318 3, 1
2,20,,,..,
2,22..,..,
3,7,.,,,.

,51, 35, 5Π111555,2,3,

,5117217 6,16 . ..
5115121 IITim. 1,11....
..,,.5183,171,14.,....
514415 1,18,,.

w

.cf. 74, 2
,51. 231, 8
,51, 127, 8

,515ω1

,,,.,51,253,22
,5120121 3, 3 ,

,51. 246, 7

‚5m5mu
.4ffist 555ΗΗ
,Η5Μ5 ωμη

,51, 89, 14

..... mu
,555 ψ5.ηη
,515 ωμῃηη
mmm ,5,55...,.Ι

,51. 151, 21 ,
,51, 4415
,51, 199, 27
45, 5
5167, 17
,5.1 18111
,51, 56, 4 258, 5
,5.1 44, 4

, ,51. 54, 23
,.51. 35, 18
..5117312
,.51. 13316
51265, 7
..511015 5912
,51. 46, 1
51232, 5

ἷ,,,.187,5

,,118 19
,65715112
. , ,51, 107, 6

,51 231, 23
f. 45, 8
cf. 231, 21
1

,51, 205, 6

,51. 17, 2
,5.1 46, 15

,51. 68, 2. 119,.6 23113

,5.1 44, 21
51134, 7

. 51. 35, 18

...513111

2,.5

2,9....
2,512-.,,,.,,1202,12
3,8

4,3 ...512655

.Μ5551,Μ”Ῐ,, ,5.15

5,5. sfflm

,,51, 136, 22 Hebr. 4, 9, ,51. 144, 2

55,ΗΗΗ5Μ5
5,5ΗΗ55555
5η ........ 55
5.15Η.Η555
13Η,51155
57Η.ΗΗ5ΉΛ
1ΜΗ.ΗΗ5ΜἭ

.ωω5κ5115ηη.555

 

